--=== EXAMPLES OF DFS SOLVING SUDUKO ===--

-= Step 1 Unsolved Example 1=-
[6, 1, 0, 0, 0, 2, 0, 0, 0]
[2, 4, 9, 0, 6, 7, 3, 0, 0]
[7, 0, 5, 4, 9, 1, 0, 0, 2]
[0, 9, 1, 0, 0, 0, 0, 0, 0]
[0, 6, 2, 0, 4, 0, 0, 3, 5]
[5, 7, 0, 0, 1, 0, 0, 2, 0]
[1, 5, 6, 0, 0, 0, 0, 9, 4]
[3, 0, 7, 0, 0, 4, 0, 0, 0]
[0, 0, 4, 0, 7, 0, 0, 0, 0]

-= Step 2 Solved Example 1 =- 
[6, 1, 8, 5, 3, 2, 9, 4, 7]
[2, 4, 9, 8, 6, 7, 3, 5, 1]
[7, 3, 5, 4, 9, 1, 8, 6, 2]
[4, 9, 1, 3, 2, 5, 6, 7, 8]
[8, 6, 2, 7, 4, 9, 1, 3, 5]
[5, 7, 3, 6, 1, 8, 4, 2, 9]
[1, 5, 6, 2, 8, 3, 7, 9, 4]
[3, 8, 7, 9, 5, 4, 2, 1, 6]
[9, 2, 4, 1, 7, 6, 5, 8, 3]

-= Total Steps: 25038 =- 

-= Step 1 Unsolved Example 2 =- 
[0, 6, 0, 0, 0, 0, 2, 4, 0]
[0, 0, 1, 4, 6, 9, 0, 0, 0]
[3, 0, 4, 0, 8, 2, 0, 9, 0]
[0, 0, 0, 2, 4, 0, 0, 0, 0]
[0, 0, 0, 0, 3, 8, 0, 0, 6]
[0, 0, 0, 0, 1, 6, 7, 8, 0]
[2, 0, 0, 0, 7, 0, 0, 0, 0]
[9, 4, 7, 3, 0, 0, 5, 0, 0]
[1, 5, 0, 6, 0, 0, 3, 2, 7]

-= Step 2 Solved Exmaple 2 =- 
[8, 6, 9, 7, 5, 3, 2, 4, 1]
[5, 2, 1, 4, 6, 9, 8, 7, 3]
[3, 7, 4, 1, 8, 2, 6, 9, 5]
[6, 8, 5, 2, 4, 7, 1, 3, 9]
[7, 1, 2, 9, 3, 8, 4, 5, 6]
[4, 9, 3, 5, 1, 6, 7, 8, 2]
[2, 3, 6, 8, 7, 5, 9, 1, 4]
[9, 4, 7, 3, 2, 1, 5, 6, 8]
[1, 5, 8, 6, 9, 4, 3, 2, 7]

-= Total Steps: 4844 =-

-= Step 1 Unsolved Example 3 =- 
[0, 7, 6, 0, 0, 9, 5, 4, 0]
[0, 0, 0, 0, 1, 0, 6, 0, 9]
[3, 9, 0, 0, 4, 0, 8, 7, 0]
[0, 8, 5, 4, 0, 0, 1, 3, 6]
[9, 0, 0, 0, 0, 7, 0, 0, 0]
[6, 0, 0, 1, 0, 0, 7, 9, 4]
[2, 0, 0, 9, 0, 8, 0, 0, 7]
[8, 4, 0, 0, 0, 0, 0, 6, 0]
[0, 6, 9, 0, 7, 0, 0, 0, 0]

-= Step 2 Solved Example 3 =- 
[1, 7, 6, 8, 2, 9, 5, 4, 3]
[4, 5, 8, 7, 1, 3, 6, 2, 9]
[3, 9, 2, 5, 4, 6, 8, 7, 1]
[7, 8, 5, 4, 9, 2, 1, 3, 6]
[9, 1, 4, 6, 3, 7, 2, 8, 5]
[6, 2, 3, 1, 8, 5, 7, 9, 4]
[2, 3, 1, 9, 6, 8, 4, 5, 7]
[8, 4, 7, 3, 5, 1, 9, 6, 2]
[5, 6, 9, 2, 7, 4, 3, 1, 8]

-= Total Steps: 5079 =-

-= Step 1 Unsolved Example 4 =- 
[6, 8, 0, 1, 0, 0, 0, 0, 5]
[9, 4, 5, 0, 0, 7, 0, 0, 8]
[0, 0, 7, 4, 5, 8, 2, 0, 0]
[0, 3, 1, 0, 0, 2, 0, 0, 4]
[7, 2, 6, 0, 4, 0, 0, 0, 1]
[0, 5, 0, 7, 0, 1, 0, 0, 0]
[0, 6, 3, 0, 1, 0, 0, 8, 7]
[1, 0, 8, 5, 0, 0, 0, 4, 0]
[5, 0, 0, 0, 0, 0, 0, 1, 6]

-= Step 2 Solved Example 4 =- 
[6, 8, 2, 1, 3, 9, 4, 7, 5]
[9, 4, 5, 2, 6, 7, 1, 3, 8]
[3, 1, 7, 4, 5, 8, 2, 6, 9]
[8, 3, 1, 6, 9, 2, 7, 5, 4]
[7, 2, 6, 3, 4, 5, 8, 9, 1]
[4, 5, 9, 7, 8, 1, 6, 2, 3]
[2, 6, 3, 9, 1, 4, 5, 8, 7]
[1, 9, 8, 5, 7, 6, 3, 4, 2]
[5, 7, 4, 8, 2, 3, 9, 1, 6]

-= Total Steps: 2054 =- 
